{
  "threshold": 0.98,
  "original_metrics": {
    "perplexity": 11.104533195495605,
    "accuracy": 0.011819960861056751
  },
  "layer_results": {
    "0": {
      "num_pairs": 0,
      "pairs": [],
      "similarity_matrix": [
        [
          1.000000000000013,
          0.18225248534700036,
          0.4611283873127065,
          0.18386649128069765,
          0.022855016328624436,
          0.021384993288448208,
          0.016778488138721355,
          0.022794523931952658,
          -0.003901055405374976,
          0.04556979101127826,
          0.025807522598669724,
          0.019971183118052127,
          -0.0013133527038042606,
          0.007160529953580647,
          9.611788708091434e-05,
          0.009332258310515235,
          0.0356741341378949,
          0.07391194253368444,
          0.05510402649468044,
          0.04823062930371397,
          -0.024975600688308435,
          -0.01832695779575737,
          0.013272278340202719,
          -0.0103786604206144,
          0.010845840113351754,
          -0.0017910724541470803,
          0.004057979037605037,
          -0.0012894582737302516,
          0.0579003619946411,
          0.06803048373183125,
          0.061805914767239685,
          0.03161197865570479
        ],
        [
          0.18225248534700036,
          1.0000000000000169,
          0.18037337645028767,
          0.21335499618837317,
          0.028457708665544385,
          0.03014579871965388,
          0.028975835679724806,
          0.027567461818795234,
          0.0206270071244512,
          0.030075932656208573,
          0.021858121693010758,
          0.02206570332340624,
          0.013793452451355402,
          0.025469795587208525,
          0.00655774954101592,
          0.020271415828952068,
          0.01655982254957929,
          0.0333495973590084,
          0.03930793941377467,
          0.07856636127599809,
          -0.010969551705380623,
          -0.01940344370482704,
          -0.013128498810056208,
          -0.012961750224461754,
          0.004251911718708832,
          -0.009635866340347408,
          0.0006906735960905665,
          -0.010308181727173404,
          0.04148953707446073,
          0.04995046485864965,
          0.0654142438888718,
          0.054324351628068666
        ],
        [
          0.4611283873127065,
          0.18037337645028767,
          1.0000000000000162,
          0.28266281433756996,
          0.015411294562345001,
          0.016233175488459668,
          0.01426198244396635,
          0.018939296636811005,
          0.000647674644229705,
          0.03426284593323448,
          0.02954116694540375,
          0.034306903202522186,
          0.007670748862627529,
          0.00553653954767224,
          0.010774921807744869,
          0.019620023256551114,
          0.03798498185489388,
          0.057698997560008916,
          0.05685397606985695,
          0.06957927710355893,
          -0.042084095692515054,
          -0.0201855679353458,
          -0.0015063227859158678,
          -0.023933423705110198,
          -0.0019488383261247015,
          -0.016531298395691445,
          -0.0073382450159024445,
          -0.015767125578876454,
          0.0494547557413305,
          0.06603765594812315,
          0.0778398750673525,
          0.03119021683186584
        ],
        [
          0.18386649128069765,
          0.21335499618837317,
          0.28266281433756996,
          1.0000000000000253,
          0.037376781181250325,
          0.03260224269384284,
          0.026276178319834434,
          0.0337789450087674,
          0.017781800663064253,
          0.025392060107149207,
          0.03086468650400554,
          0.0256863029469931,
          0.006405750580394751,
          0.0017376905469803424,
          0.004788931004276216,
          0.015830869172208294,
          0.020097808115795358,
          0.04569948187872847,
          0.033836608711895304,
          0.058715007732307194,
          -0.02889357922952111,
          -0.024402637837694377,
          -0.015617889702524718,
          -0.019575601688493805,
          0.00015659002171666725,
          -0.017250639228981988,
          -0.002717217300913031,
          -0.017421827475433943,
          0.034698150781644725,
          0.0497931433193354,
          0.04746525846494819,
          0.0362318217575752
        ],
        [
          0.022855016328624436,
          0.028457708665544385,
          0.015411294562345001,
          0.037376781181250325,
          1.0000000000000218,
          -0.0005244627161348974,
          0.16085482923904287,
          0.055178342419357616,
          0.0012533009483454327,
          -0.007332777999903228,
          -0.018285469846634005,
          -0.017435756924923617,
          -0.0010750920971034435,
          -0.0026730376048098377,
          -0.013836298782584883,
          -0.01563706927862338,
          0.008814880842159195,
          -0.01088558594482801,
          0.009016018899907727,
          0.021773798912315147,
          -0.012050420290734928,
          -0.020604461523808005,
          -0.029122308311540303,
          -0.03217880167635814,
          0.008772868885486446,
          0.009606483901352868,
          0.0059377473605112165,
          0.006808543724910289,
          -0.010504522760052811,
          -0.0006219470274722321,
          0.011593860983324768,
          -0.033666073722040064
        ],
        [
          0.021384993288448208,
          0.03014579871965388,
          0.016233175488459668,
          0.03260224269384284,
          -0.0005244627161348974,
          1.0000000000000304,
          0.16831556830340363,
          0.23980407497672834,
          -0.003492635054578504,
          -0.006053949954353985,
          -0.021677160028390444,
          -0.02125853762897617,
          -0.013373687311019098,
          -0.011895511071289897,
          -0.017688050223301176,
          -0.008974039859996582,
          0.01199529540183436,
          -0.006691376542980953,
          0.010237070652189224,
          0.023077391105568463,
          -0.013918640020376884,
          -0.024465493513415273,
          -0.04591865500495392,
          -0.03167510770507967,
          0.002477496979193945,
          0.0031901107672617692,
          -0.0010870382025715737,
          0.005880640927100801,
          -0.011937695663958152,
          -0.002351139309110922,
          -0.00048703942029530223,
          -0.03703654487229729
        ],
        [
          0.016778488138721355,
          0.028975835679724806,
          0.01426198244396635,
          0.026276178319834434,
          0.16085482923904287,
          0.16831556830340363,
          1.0000000000000258,
          0.14278768442168177,
          0.005171164735561666,
          -0.0049537848206149945,
          -0.021648653135189322,
          -0.023752919187188453,
          -0.002908006500221012,
          0.005237786758875347,
          0.0006311163156262485,
          -0.0022310263263309654,
          -0.0004399886601608925,
          -0.01085077720421105,
          0.0011892671350483277,
          -0.0023004659203294153,
          -0.0033186666176509916,
          -0.014003262667970275,
          -0.018689375902808447,
          -0.022716759551515052,
          0.008120625883541564,
          0.004938428781902246,
          0.0018160923501844327,
          0.0028553592111991337,
          0.003480063891295952,
          -0.00017936693600690144,
          -0.001266599538598897,
          -0.0255376423447204
        ],
        [
          0.022794523931952658,
          0.027567461818795234,
          0.018939296636811005,
          0.0337789450087674,
          0.055178342419357616,
          0.23980407497672834,
          0.14278768442168177,
          1.0000000000000138,
          0.004056890373518345,
          -0.002717510422076196,
          -0.018041108294381242,
          -0.01722569661640901,
          0.010889606687464748,
          0.009205377123223514,
          0.0033754801978809167,
          -0.017399112509278954,
          0.0005483606688685186,
          -0.007016323855505484,
          -0.003576542489011949,
          0.006361612480074836,
          -0.0005158111316887302,
          -0.015846334263531686,
          -0.021775145673747283,
          -0.02294269532404489,
          0.007771061898795628,
          0.0041580876875106166,
          0.002658170975919686,
          0.005390688592301359,
          -0.004580074900746764,
          0.0012624006641283846,
          0.005190783045554743,
          -0.030845161330207156
        ],
        [
          -0.003901055405374976,
          0.0206270071244512,
          0.000647674644229705,
          0.017781800663064253,
          0.0012533009483454327,
          -0.003492635054578504,
          0.005171164735561666,
          0.004056890373518345,
          1.000000000000025,
          0.008594342264313465,
          0.1804934973013634,
          0.12825202805405042,
          0.0019207935387992702,
          0.002657921519871737,
          -0.004502114634799111,
          -0.01781783233412869,
          -0.015354068857447547,
          -0.030049321103234963,
          -0.03386068993782464,
          -0.03609375823204466,
          0.010702223086476647,
          -0.009520783088290095,
          0.01172190684239502,
          0.01182134796276492,
          -0.02838002942730776,
          -0.04765659028021117,
          -0.05407154298055584,
          -0.02856161577380375,
          0.015338170451972739,
          0.014899094861121972,
          -0.00032353581741301115,
          0.04744556198969917
        ],
        [
          0.04556979101127826,
          0.030075932656208573,
          0.03426284593323448,
          0.025392060107149207,
          -0.007332777999903228,
          -0.006053949954353985,
          -0.0049537848206149945,
          -0.002717510422076196,
          0.008594342264313465,
          1.0000000000000153,
          0.0953532292338968,
          0.34830465344665745,
          0.00882475317938293,
          0.016170926324313727,
          0.0029778019883678233,
          0.016100110395129485,
          -0.015718292132467053,
          0.0010779887804005703,
          -0.01436943337537605,
          -0.002322765490987866,
          0.02047585005764906,
          0.030931984809352806,
          0.04591962538057089,
          0.04459307293586947,
          -0.01635514181884388,
          -0.04049171478368995,
          -0.031867874116482287,
          -0.0415891407143281,
          -0.028797848686889647,
          -0.0055790396916413675,
          -0.021892825969935907,
          -0.03892845357682155
        ],
        [
          0.025807522598669724,
          0.021858121693010758,
          0.02954116694540375,
          0.03086468650400554,
          -0.018285469846634005,
          -0.021677160028390444,
          -0.021648653135189322,
          -0.018041108294381242,
          0.1804934973013634,
          0.0953532292338968,
          1.0000000000000158,
          0.10278094413460072,
          -0.001396814872858741,
          0.006096467734878222,
          0.008315265677274064,
          0.0103582194541167,
          -0.018252779607240022,
          -0.027181775111498056,
          -0.0402259397400588,
          -0.00754128842495394,
          0.0148567489309869,
          0.010260512827249066,
          0.031105302247374452,
          0.01364238456090247,
          -0.023057710598071886,
          -0.04150431807530446,
          -0.04795954362331014,
          -0.036798250352595034,
          -0.012102928566647238,
          -0.019600042087082555,
          -0.037106863906597974,
          0.004015316360301411
        ],
        [
          0.019971183118052127,
          0.02206570332340624,
          0.034306903202522186,
          0.0256863029469931,
          -0.017435756924923617,
          -0.02125853762897617,
          -0.023752919187188453,
          -0.01722569661640901,
          0.12825202805405042,
          0.34830465344665745,
          0.10278094413460072,
          1.0000000000000189,
          0.006201701570241301,
          0.006862235584451213,
          0.004646199707408724,
          0.002941320230312764,
          -0.012450656126328117,
          -0.013516417390698402,
          -0.023637636644858764,
          -0.0006061839689856145,
          0.0012703186449109646,
          0.009563819883802489,
          0.013435119182822586,
          0.028666834100100066,
          -0.02555358360496255,
          -0.03559300942995096,
          -0.037843493859246305,
          -0.03161796850642916,
          -0.03514843951938423,
          0.006026185807624417,
          -0.018343375502496744,
          -0.011846424291363485
        ],
        [
          -0.0013133527038042606,
          0.013793452451355402,
          0.007670748862627529,
          0.006405750580394751,
          -0.0010750920971034435,
          -0.013373687311019098,
          -0.002908006500221012,
          0.010889606687464748,
          0.0019207935387992702,
          0.00882475317938293,
          -0.001396814872858741,
          0.006201701570241301,
          1.0000000000000406,
          0.21327417672563637,
          0.15033239574663373,
          0.07441352666553795,
          0.006343360978005995,
          0.005651793087052069,
          0.018414343085944956,
          -0.018905966412161523,
          0.0113192131484495,
          0.002939645908637558,
          0.0026934521932575083,
          0.02225877029609726,
          0.0018146231449157888,
          -0.004179766927739177,
          0.0019860165659615265,
          -0.002897411528932727,
          0.034590757675206675,
          0.02016289255744741,
          0.05580812869799279,
          0.029387764990957715
        ],
        [
          0.007160529953580647,
          0.025469795587208525,
          0.00553653954767224,
          0.0017376905469803424,
          -0.0026730376048098377,
          -0.011895511071289897,
          0.005237786758875347,
          0.009205377123223514,
          0.002657921519871737,
          0.016170926324313727,
          0.006096467734878222,
          0.006862235584451213,
          0.21327417672563637,
          1.0000000000000264,
          0.10748132568112709,
          0.09807806540699694,
          0.0075370121060056175,
          0.003737398771798152,
          -0.008560562777301118,
          0.0053393324414478735,
          0.019835428939428367,
          0.030781648378406922,
          0.023262196829475664,
          0.026044944461961716,
          0.006235318783634853,
          0.005645880904933022,
          0.0018466081150348736,
          0.0005046860913247034,
          0.04278396478938126,
          0.037139139877295536,
          0.057520485459802255,
          0.04299908247171607
        ],
        [
          9.611788708091434e-05,
          0.00655774954101592,
          0.010774921807744869,
          0.004788931004276216,
          -0.013836298782584883,
          -0.017688050223301176,
          0.0006311163156262485,
          0.0033754801978809167,
          -0.004502114634799111,
          0.0029778019883678233,
          0.008315265677274064,
          0.004646199707408724,
          0.15033239574663373,
          0.10748132568112709,
          1.00000000000003,
          0.0871072582598987,
          0.012011811583056172,
          0.0212284355167272,
          0.03318670489093441,
          -0.002534623814503323,
          0.0004975732149348427,
          0.005317434688462281,
          0.016460808530535956,
          0.016708705783230755,
          -0.004199720792139143,
          -0.011171434420291176,
          -0.005062444468804895,
          -0.01274615672865136,
          0.026091532100391786,
          0.025225668912848765,
          0.04463035241098004,
          0.03656853852747915
        ],
        [
          0.009332258310515235,
          0.020271415828952068,
          0.019620023256551114,
          0.015830869172208294,
          -0.01563706927862338,
          -0.008974039859996582,
          -0.0022310263263309654,
          -0.017399112509278954,
          -0.01781783233412869,
          0.016100110395129485,
          0.0103582194541167,
          0.002941320230312764,
          0.07441352666553795,
          0.09807806540699694,
          0.0871072582598987,
          1.0000000000000298,
          0.02167255284133632,
          0.012707587602547013,
          0.022923293088663574,
          0.003651110089620794,
          -0.005221496766023953,
          0.017499957425198175,
          0.02922436541205604,
          0.04423303483964137,
          -0.003496612694692811,
          -0.022499886937350593,
          -0.003522792068719236,
          -0.01593365118104103,
          0.02711036689970461,
          0.024517557241685313,
          0.027946697868591112,
          0.06129604292776442
        ],
        [
          0.0356741341378949,
          0.01655982254957929,
          0.03798498185489388,
          0.020097808115795358,
          0.008814880842159195,
          0.01199529540183436,
          -0.0004399886601608925,
          0.0005483606688685186,
          -0.015354068857447547,
          -0.015718292132467053,
          -0.018252779607240022,
          -0.012450656126328117,
          0.006343360978005995,
          0.0075370121060056175,
          0.012011811583056172,
          0.02167255284133632,
          1.00000000000004,
          0.10811358682741949,
          0.08034735490973911,
          0.1912390135862116,
          0.007755326178412433,
          -0.007232664468508425,
          0.02880769964488292,
          0.0025661408066837543,
          0.01579014231621842,
          0.02282639762150454,
          0.02716744001457954,
          0.015714272318148606,
          0.024932166478293685,
          0.03021174855148676,
          0.02306399605782789,
          0.0446506652356473
        ],
        [
          0.07391194253368444,
          0.0333495973590084,
          0.057698997560008916,
          0.04569948187872847,
          -0.01088558594482801,
          -0.006691376542980953,
          -0.01085077720421105,
          -0.007016323855505484,
          -0.030049321103234963,
          0.0010779887804005703,
          -0.027181775111498056,
          -0.013516417390698402,
          0.005651793087052069,
          0.003737398771798152,
          0.0212284355167272,
          0.012707587602547013,
          0.10811358682741949,
          1.0000000000000355,
          0.14866329096700248,
          0.10907726791951243,
          -0.01454355493788707,
          -0.005972068610916322,
          0.010601179246065743,
          0.0075339097578827315,
          0.01868913349656305,
          0.020385857846138503,
          0.02512863223776555,
          0.015186431689845622,
          0.016431365722387146,
          0.049852560525833985,
          0.03148214590064305,
          0.07863252099174678
        ],
        [
          0.05510402649468044,
          0.03930793941377467,
          0.05685397606985695,
          0.033836608711895304,
          0.009016018899907727,
          0.010237070652189224,
          0.0011892671350483277,
          -0.003576542489011949,
          -0.03386068993782464,
          -0.01436943337537605,
          -0.0402259397400588,
          -0.023637636644858764,
          0.018414343085944956,
          -0.008560562777301118,
          0.03318670489093441,
          0.022923293088663574,
          0.08034735490973911,
          0.14866329096700248,
          1.0000000000000246,
          0.15085396947791094,
          0.010268495632175922,
          -0.032041149999514476,
          0.012399434139801465,
          -0.019221935663049784,
          0.010497319789867864,
          0.00478983261691746,
          0.011770657022259066,
          0.006142772460629165,
          0.04746332650852499,
          0.038047097771323916,
          0.04520815970964229,
          0.0579719192698167
        ],
        [
          0.04823062930371397,
          0.07856636127599809,
          0.06957927710355893,
          0.058715007732307194,
          0.021773798912315147,
          0.023077391105568463,
          -0.0023004659203294153,
          0.006361612480074836,
          -0.03609375823204466,
          -0.002322765490987866,
          -0.00754128842495394,
          -0.0006061839689856145,
          -0.018905966412161523,
          0.0053393324414478735,
          -0.002534623814503323,
          0.003651110089620794,
          0.1912390135862116,
          0.10907726791951243,
          0.15085396947791094,
          1.0000000000000207,
          -0.021770278630918155,
          0.0006112302284875291,
          0.031637473163314896,
          0.009964740928181883,
          0.024304616767118672,
          0.028704450444844164,
          0.0393904463137497,
          0.024569207857057934,
          0.027657912686238406,
          0.061613689316405165,
          0.08602554161773539,
          0.06001827156345098
        ],
        [
          -0.024975600688308435,
          -0.010969551705380623,
          -0.042084095692515054,
          -0.02889357922952111,
          -0.012050420290734928,
          -0.013918640020376884,
          -0.0033186666176509916,
          -0.0005158111316887302,
          0.010702223086476647,
          0.02047585005764906,
          0.0148567489309869,
          0.0012703186449109646,
          0.0113192131484495,
          0.019835428939428367,
          0.0004975732149348427,
          -0.005221496766023953,
          0.007755326178412433,
          -0.01454355493788707,
          0.010268495632175922,
          -0.021770278630918155,
          1.0000000000000226,
          0.09081296017348452,
          0.008011914659573932,
          0.04778952588374426,
          0.008599705118414628,
          0.0013514128348839389,
          0.003997085659618686,
          -0.0004880766663058313,
          -0.017698579969229168,
          -0.013931992125932645,
          -0.02931045452260951,
          0.010798962729377486
        ],
        [
          -0.01832695779575737,
          -0.01940344370482704,
          -0.0201855679353458,
          -0.024402637837694377,
          -0.020604461523808005,
          -0.024465493513415273,
          -0.014003262667970275,
          -0.015846334263531686,
          -0.009520783088290095,
          0.030931984809352806,
          0.010260512827249066,
          0.009563819883802489,
          0.002939645908637558,
          0.030781648378406922,
          0.005317434688462281,
          0.017499957425198175,
          -0.007232664468508425,
          -0.005972068610916322,
          -0.032041149999514476,
          0.0006112302284875291,
          0.09081296017348452,
          1.0000000000000189,
          -0.02742241379054752,
          0.02184135107909529,
          0.0026996980071707566,
          -0.0007050436318002052,
          -0.0006845926474799857,
          -0.002804959448509841,
          -0.014038228646360984,
          -0.005198319366928421,
          -0.018213377648328276,
          -0.006381309539097284
        ],
        [
          0.013272278340202719,
          -0.013128498810056208,
          -0.0015063227859158678,
          -0.015617889702524718,
          -0.029122308311540303,
          -0.04591865500495392,
          -0.018689375902808447,
          -0.021775145673747283,
          0.01172190684239502,
          0.04591962538057089,
          0.031105302247374452,
          0.013435119182822586,
          0.0026934521932575083,
          0.023262196829475664,
          0.016460808530535956,
          0.02922436541205604,
          0.02880769964488292,
          0.010601179246065743,
          0.012399434139801465,
          0.031637473163314896,
          0.008011914659573932,
          -0.02742241379054752,
          1.0000000000000013,
          0.10013127076908025,
          0.020356149724201293,
          0.019120781986229723,
          0.03176833508924842,
          0.013784446667924138,
          0.002758681209069534,
          0.01104533339408577,
          -0.024579513710016633,
          0.024634964112613483
        ],
        [
          -0.0103786604206144,
          -0.012961750224461754,
          -0.023933423705110198,
          -0.019575601688493805,
          -0.03217880167635814,
          -0.03167510770507967,
          -0.022716759551515052,
          -0.02294269532404489,
          0.01182134796276492,
          0.04459307293586947,
          0.01364238456090247,
          0.028666834100100066,
          0.02225877029609726,
          0.026044944461961716,
          0.016708705783230755,
          0.04423303483964137,
          0.0025661408066837543,
          0.0075339097578827315,
          -0.019221935663049784,
          0.009964740928181883,
          0.04778952588374426,
          0.02184135107909529,
          0.10013127076908025,
          1.000000000000032,
          0.008592184832022209,
          0.006743096968969854,
          0.005117466872044496,
          0.0031986810276437446,
          0.00046415161484149325,
          0.014857118158416019,
          -0.0007928259386715834,
          0.029037513790378968
        ],
        [
          0.010845840113351754,
          0.004251911718708832,
          -0.0019488383261247015,
          0.00015659002171666725,
          0.008772868885486446,
          0.002477496979193945,
          0.008120625883541564,
          0.007771061898795628,
          -0.02838002942730776,
          -0.01635514181884388,
          -0.023057710598071886,
          -0.02555358360496255,
          0.0018146231449157888,
          0.006235318783634853,
          -0.004199720792139143,
          -0.003496612694692811,
          0.01579014231621842,
          0.01868913349656305,
          0.010497319789867864,
          0.024304616767118672,
          0.008599705118414628,
          0.0026996980071707566,
          0.020356149724201293,
          0.008592184832022209,
          1.0000000000000195,
          0.10786021617875709,
          0.03495791751754497,
          0.12170440392306911,
          0.008634642894848162,
          0.009448836461997482,
          0.014322749573996048,
          0.0010630326018600746
        ],
        [
          -0.0017910724541470803,
          -0.009635866340347408,
          -0.016531298395691445,
          -0.017250639228981988,
          0.009606483901352868,
          0.0031901107672617692,
          0.004938428781902246,
          0.0041580876875106166,
          -0.04765659028021117,
          -0.04049171478368995,
          -0.04150431807530446,
          -0.03559300942995096,
          -0.004179766927739177,
          0.005645880904933022,
          -0.011171434420291176,
          -0.022499886937350593,
          0.02282639762150454,
          0.020385857846138503,
          0.00478983261691746,
          0.028704450444844164,
          0.0013514128348839389,
          -0.0007050436318002052,
          0.019120781986229723,
          0.006743096968969854,
          0.10786021617875709,
          1.0000000000000118,
          0.04535598952556531,
          -0.04517001007028873,
          0.010933261166094187,
          0.013074496095449088,
          0.020502656545180322,
          0.012063003596733247
        ],
        [
          0.004057979037605037,
          0.0006906735960905665,
          -0.0073382450159024445,
          -0.002717217300913031,
          0.0059377473605112165,
          -0.0010870382025715737,
          0.0018160923501844327,
          0.002658170975919686,
          -0.05407154298055584,
          -0.031867874116482287,
          -0.04795954362331014,
          -0.037843493859246305,
          0.0019860165659615265,
          0.0018466081150348736,
          -0.005062444468804895,
          -0.003522792068719236,
          0.02716744001457954,
          0.02512863223776555,
          0.011770657022259066,
          0.0393904463137497,
          0.003997085659618686,
          -0.0006845926474799857,
          0.03176833508924842,
          0.005117466872044496,
          0.03495791751754497,
          0.04535598952556531,
          1.0000000000000158,
          0.10750395782415934,
          0.012832758997034413,
          0.011695540270014636,
          0.023049497599649263,
          0.0015542183970640164
        ],
        [
          -0.0012894582737302516,
          -0.010308181727173404,
          -0.015767125578876454,
          -0.017421827475433943,
          0.006808543724910289,
          0.005880640927100801,
          0.0028553592111991337,
          0.005390688592301359,
          -0.02856161577380375,
          -0.0415891407143281,
          -0.036798250352595034,
          -0.03161796850642916,
          -0.002897411528932727,
          0.0005046860913247034,
          -0.01274615672865136,
          -0.01593365118104103,
          0.015714272318148606,
          0.015186431689845622,
          0.006142772460629165,
          0.024569207857057934,
          -0.0004880766663058313,
          -0.002804959448509841,
          0.013784446667924138,
          0.0031986810276437446,
          0.12170440392306911,
          -0.04517001007028873,
          0.10750395782415934,
          1.0000000000000089,
          0.013507585118573454,
          0.004358301921285321,
          0.02115532458212659,
          0.007326705313419676
        ],
        [
          0.0579003619946411,
          0.04148953707446073,
          0.0494547557413305,
          0.034698150781644725,
          -0.010504522760052811,
          -0.011937695663958152,
          0.003480063891295952,
          -0.004580074900746764,
          0.015338170451972739,
          -0.028797848686889647,
          -0.012102928566647238,
          -0.03514843951938423,
          0.034590757675206675,
          0.04278396478938126,
          0.026091532100391786,
          0.02711036689970461,
          0.024932166478293685,
          0.016431365722387146,
          0.04746332650852499,
          0.027657912686238406,
          -0.017698579969229168,
          -0.014038228646360984,
          0.002758681209069534,
          0.00046415161484149325,
          0.008634642894848162,
          0.010933261166094187,
          0.012832758997034413,
          0.013507585118573454,
          1.0000000000000007,
          0.1407418973941826,
          0.16571250511069593,
          0.14772085273418337
        ],
        [
          0.06803048373183125,
          0.04995046485864965,
          0.06603765594812315,
          0.0497931433193354,
          -0.0006219470274722321,
          -0.002351139309110922,
          -0.00017936693600690144,
          0.0012624006641283846,
          0.014899094861121972,
          -0.0055790396916413675,
          -0.019600042087082555,
          0.006026185807624417,
          0.02016289255744741,
          0.037139139877295536,
          0.025225668912848765,
          0.024517557241685313,
          0.03021174855148676,
          0.049852560525833985,
          0.038047097771323916,
          0.061613689316405165,
          -0.013931992125932645,
          -0.005198319366928421,
          0.01104533339408577,
          0.014857118158416019,
          0.009448836461997482,
          0.013074496095449088,
          0.011695540270014636,
          0.004358301921285321,
          0.1407418973941826,
          1.0000000000000302,
          0.1637379808507685,
          0.30014971062339424
        ],
        [
          0.061805914767239685,
          0.0654142438888718,
          0.0778398750673525,
          0.04746525846494819,
          0.011593860983324768,
          -0.00048703942029530223,
          -0.001266599538598897,
          0.005190783045554743,
          -0.00032353581741301115,
          -0.021892825969935907,
          -0.037106863906597974,
          -0.018343375502496744,
          0.05580812869799279,
          0.057520485459802255,
          0.04463035241098004,
          0.027946697868591112,
          0.02306399605782789,
          0.03148214590064305,
          0.04520815970964229,
          0.08602554161773539,
          -0.02931045452260951,
          -0.018213377648328276,
          -0.024579513710016633,
          -0.0007928259386715834,
          0.014322749573996048,
          0.020502656545180322,
          0.023049497599649263,
          0.02115532458212659,
          0.16571250511069593,
          0.1637379808507685,
          0.9999999999999992,
          0.2935849672023633
        ],
        [
          0.03161197865570479,
          0.054324351628068666,
          0.03119021683186584,
          0.0362318217575752,
          -0.033666073722040064,
          -0.03703654487229729,
          -0.0255376423447204,
          -0.030845161330207156,
          0.04744556198969917,
          -0.03892845357682155,
          0.004015316360301411,
          -0.011846424291363485,
          0.029387764990957715,
          0.04299908247171607,
          0.03656853852747915,
          0.06129604292776442,
          0.0446506652356473,
          0.07863252099174678,
          0.0579719192698167,
          0.06001827156345098,
          0.010798962729377486,
          -0.006381309539097284,
          0.024634964112613483,
          0.029037513790378968,
          0.0010630326018600746,
          0.012063003596733247,
          0.0015542183970640164,
          0.007326705313419676,
          0.14772085273418337,
          0.30014971062339424,
          0.2935849672023633,
          1.000000000000026
        ]
      ]
    },
    "1": {
      "num_pairs": 0,
      "pairs": [],
      "similarity_matrix": [
        [
          1.000000000000004,
          0.15846813761492087,
          -0.003466362345989356,
          0.12044902202975095,
          -0.00033802848469994244,
          0.0021094373446388644,
          0.0009938171984765932,
          0.001580334088336545,
          -0.0022465952624407346,
          -0.01121301314410075,
          -0.005479309586880797,
          0.001111965715343452,
          0.00877527827211079,
          0.005991517882992072,
          0.010063474025166774,
          0.013614131919165294,
          0.0028348224005549207,
          -0.0036659191433442003,
          8.887416438516969e-05,
          -0.0009024557559680843,
          -0.008446456241667646,
          -0.003267576228598094,
          0.0017397202563043546,
          0.0020844962491106266,
          -0.0026441556573194237,
          0.0031068892420043934,
          0.00416040100895221,
          0.002479378722198317,
          1.0614698065295425e-05,
          -0.0029278129582521253,
          -0.0042461750177008335,
          -0.0037605095897195514
        ],
        [
          0.15846813761492087,
          1.0000000000000013,
          -0.00288864665041958,
          0.14581701108058073,
          -0.0002903217066816636,
          0.003364172195534161,
          0.00506085011698369,
          0.004746485598133096,
          -0.0014161714213163745,
          -0.0014639754109559613,
          -0.00437108077384699,
          -0.0012901241319046982,
          0.008157957588251134,
          0.006453293827966227,
          0.007900774834241599,
          0.004169340388359329,
          0.004078997097029173,
          -0.00334518636741756,
          0.0045763151436572745,
          0.006692548379111417,
          -0.002956674539287127,
          -0.004266933539963129,
          0.0033116437088942575,
          0.00613946209670305,
          -0.0017759848162872635,
          0.0043239709844930035,
          0.004455353029003033,
          0.0019045378579665864,
          -0.0009852222390670012,
          -0.0007861622761534616,
          0.0017548265512600106,
          -0.004146802064235861
        ],
        [
          -0.003466362345989356,
          -0.00288864665041958,
          1.0000000000000029,
          0.0008302947874590603,
          0.005741818060792242,
          0.0031856587124304493,
          0.007019798145512784,
          0.0012944564909423207,
          -0.008960003973716902,
          -0.003942946492004991,
          -0.008004902533077302,
          -0.01064929959190942,
          -0.0039990902791735864,
          0.004954812321445493,
          0.004832681621131613,
          0.002875309581389165,
          0.002259727697256752,
          -0.0029434570732879794,
          0.0012564599687600764,
          0.0017239333067399503,
          -0.00044410290329154306,
          0.0014235314518169487,
          -0.00014127730909966504,
          0.0034715734863237837,
          -0.0028118980389599795,
          -0.0027207531132435003,
          0.0013064005792506163,
          0.0018555597236236175,
          0.006797559730642265,
          0.0020840836275117475,
          0.0022232298843497577,
          0.002002500924708158
        ],
        [
          0.12044902202975095,
          0.14581701108058073,
          0.0008302947874590603,
          1.0000000000000029,
          0.005948101342008223,
          0.0038016386526507425,
          0.005768636095761474,
          0.0066757819294841975,
          -0.005247539333175059,
          -0.002894517209319717,
          -0.003326015210607601,
          0.002394456459258348,
          0.002419365056434309,
          0.005166722544378902,
          0.007884067035577865,
          0.010680864782314252,
          0.003067230054359914,
          -0.00690987545067429,
          0.005727059146715112,
          -0.005479290023035156,
          -0.006076117473762865,
          -0.009834893115888556,
          0.001700323110770004,
          0.0003879112350255662,
          0.004312661218445641,
          0.005460636889273235,
          0.0052227979973739885,
          0.0028525806637157173,
          -0.005568553698065635,
          -0.0020684296295201527,
          -0.009470052915160352,
          -0.007977947762256998
        ],
        [
          -0.00033802848469994244,
          -0.0002903217066816636,
          0.005741818060792242,
          0.005948101342008223,
          1.0000000000000027,
          0.11869515470523591,
          0.212039898023006,
          0.044101283837717754,
          -0.00478051535035534,
          -0.007253181097815943,
          -0.010552202350064847,
          -0.0017099371321070854,
          -0.001808738114857449,
          -0.009593179932402045,
          -0.0011030348907724505,
          -0.00600118862005567,
          0.002797944395975093,
          -0.0013743942989795203,
          -0.003148478226555802,
          -0.0010373450468016017,
          -0.006359594848685097,
          -0.006817165756871132,
          -0.0034266965385317044,
          -0.000702245055617806,
          -0.0026634821825676238,
          -0.0007689700411011768,
          -0.009008047385665678,
          -0.0032294120654446875,
          7.38295155295109e-05,
          -0.0037425548294500936,
          0.0026554291256853423,
          -0.0011426127778301483
        ],
        [
          0.0021094373446388644,
          0.003364172195534161,
          0.0031856587124304493,
          0.0038016386526507425,
          0.11869515470523591,
          1.000000000000002,
          0.13631607027763995,
          0.036492469888059965,
          -0.009547658320289339,
          -0.008369833127017933,
          -0.011961755188423719,
          -0.008268634610270234,
          -0.0009384888684418493,
          -0.005025401668729065,
          -0.003348083954631441,
          -0.00046571258986995433,
          0.0024830814995195323,
          0.0037545909864698823,
          -0.0011864489544871214,
          0.005570131072304903,
          -0.0039045413141728913,
          -0.00410056600908671,
          -0.0011915517191539388,
          -0.004529502522761914,
          -0.0017476592783996826,
          -0.005248790160091652,
          -0.0025123380491730452,
          -0.00448632104923566,
